OC117 15AUG2020 (AME)
1581
     2.4900      7.5700
     6.2700      7.9600
    11.1600      8.3300
    17.4500      8.3600
    22.1200      8.5800
    25.0000      8.9200
    31.4100     10.3600
    35.6700     11.0900
    42.4300     11.7600
    49.3000     12.3700
    54.6300     12.4100
    62.2600     12.6000
    67.9600     12.4700
    74.0500     11.6800
    79.3900     10.5200
    82.9100     10.0400
    86.6600     10.9200
    89.7800     11.8300
    93.1100     12.8600
    96.1000     12.4600
    99.1000     11.2200
   102.3500      9.5000
   102.5400      9.4800
   111.7800      9.2400
   122.1200      9.0500
   132.5500      8.9900
   142.9800      9.0200
   153.1100      9.2600
   163.3900      9.1300
   173.6400      9.0900
   183.6600      9.2200
   193.8600      8.9600
   204.1800      9.1100
   214.5700      9.1700
   224.7300      9.0200
   235.1300      8.3400
   245.4000      8.2200
   250.9300      8.0600
   254.2100      7.7400
   265.0300      7.3600
   275.6000      7.0200
   285.9800      6.6900
   296.4700      6.4500
   302.3600      6.2400
   304.3800      5.9700
   314.7800      5.3400
   323.8800      4.5200
   334.5400      3.7100
   345.2000      2.9700
   355.8200      2.2800
   366.2500      1.7800
   376.8000      1.4700
   386.8500      1.2100
   397.1900      0.9500
   407.5900      0.7700
   418.0300      0.5500
   428.9400      0.2700
   439.5200     -0.0700
   450.3400     -0.3600
   460.6200     -0.6700
   470.6700     -0.7600
   481.3200     -0.5400
   491.9100     -0.6200
   502.0800     -0.9400
   512.4900     -1.2100
   517.5100     -1.6200
   517.8900     -1.5500
   519.9100     -1.6200
   522.2000     -1.8100
   524.3000     -1.8400
   526.6400     -1.9200
   528.6600     -2.0400
   530.6600     -2.0600
   533.2300     -2.2000
   535.8400     -2.2800
   537.8900     -2.3500
   540.0400     -2.3900
   542.1000     -2.5500
   544.2600     -2.6700
   546.3500     -2.6400
   546.3600     -2.6400
   548.5100     -2.8200
   551.1500     -2.8500
   553.2900     -2.8600
   555.3200     -2.8900
   557.6500     -3.1300
   559.6700     -3.2900
   561.9500     -3.2400
   564.1700     -3.3900
   566.1800     -3.4500
   568.4200     -3.3900
   570.7800     -3.4800
   572.8800     -3.7500
   574.8800     -3.8200
   576.9500     -3.8800
   577.0200     -4.0100
   579.0300     -4.2100
   580.8300     -4.0200
   581.2300     -4.3800
   583.6300     -4.4200
   583.8800     -4.3000
   584.8700     -4.1900
   585.6100     -4.3600
   585.9100     -4.3100
   588.0100     -4.2400
   588.8100     -4.3700
   590.0900     -4.3100
   592.5000     -4.4100
   592.8600     -4.5600
   594.8900     -4.5000
   594.9800     -4.6600
   596.9900     -4.7600
   597.0500     -4.5300
   599.0200     -4.7500
   601.0600     -4.9100
   601.3100     -4.7500
   603.0200     -4.9400
   603.0300     -5.0000
   605.0600     -5.1100
   605.1300     -5.0600
   606.9900     -5.2000
   609.0600     -5.2900
   611.0500     -5.3800
   614.9000     -5.5600
   618.9300     -5.7700
   620.8600     -5.8900
   622.9200     -6.0200
   624.9200     -6.1600
   626.8600     -6.2900
   630.8700     -6.5100
   632.9300     -6.6300
   635.0800     -6.7300
   640.7900     -7.0500
   644.9400     -7.2400
   649.0600     -7.4200
   654.9300     -7.7200
   659.0400     -7.9300
   661.0400     -8.0500
   664.9500     -8.2600
   666.9700     -8.3600
   669.0500     -8.4700
   673.0500     -8.7000
   676.9300     -8.8900
   680.8700     -9.0400
   684.9400     -9.1700
   688.8600     -9.2900
   690.8300     -9.3300
   692.8100     -9.3900
   698.9500     -9.5100
   700.8600     -9.5500
   704.9500     -9.6300
   706.9600     -9.6600
   708.9900     -9.6800
   710.9700     -9.7100
   715.0300     -9.7700
   717.0000     -9.8100
   718.9900     -9.8500
   724.9000     -9.9800
   729.0300    -10.0700
   731.0900    -10.1300
   736.9000    -10.3000
   739.0900    -10.3500
   744.7600    -10.4700
   747.0200    -10.5000
   751.0200    -10.5500
   754.9400    -10.5900
   756.8400    -10.6100
   759.0100    -10.6200
   762.9900    -10.6500
   766.8100    -10.6600
   772.8200    -10.7200
   774.6600    -10.7300
   776.8500    -10.7600
   780.7700    -10.8200
   784.8900    -10.9100
   788.9500    -11.0000
   791.0300    -11.0300
   793.0300    -11.0700
   795.0800    -11.1100
   797.0400    -11.1400
   800.7100    -11.2500
   804.9300    -11.3200
   807.0100    -11.3600
   810.6300    -11.4500
   814.8700    -11.5700
   816.9400    -11.6200
   818.9200    -11.6800
   820.8900    -11.7300
   822.8600    -11.7700
   828.8400    -11.8900
   831.0800    -11.9200
   835.0000    -11.9700
   838.8700    -12.0100
   842.7800    -12.0800
   844.8800    -12.1100
   848.7700    -12.1900
   850.9100    -12.2500
   852.9800    -12.3000
   855.0000    -12.3400
   857.0300    -12.4100
   860.9400    -12.5100
   862.8800    -12.5700
   864.8200    -12.6300
   868.9500    -12.7300
   872.9100    -12.8200
   874.8400    -12.8600
   878.8400    -12.9300
   880.9700    -12.9800
   885.0400    -13.0400
   888.6500    -13.1200
   892.8700    -13.1800
   894.8600    -13.2200
   898.9300    -13.2800
   902.9700    -13.3400
   908.8500    -13.4000
   910.8600    -13.4300
   914.9200    -13.4800
   916.8200    -13.5200
   918.8100    -13.5600
   922.7400    -13.6400
   924.7700    -13.7000
   926.7200    -13.7500
   932.9200    -13.9300
   934.7900    -14.0000
   936.8700    -14.0500
   938.5500    -14.1200
   942.8900    -14.2200
   945.0400    -14.2700
   948.8900    -14.3600
   951.0300    -14.4100
   953.0100    -14.4400
   956.8500    -14.5300
   960.8000    -14.6200
   962.9400    -14.6600
   965.1200    -14.6900
   968.9500    -14.7600
   970.8200    -14.7900
   974.8900    -14.8500
   978.8200    -14.8800
   980.8600    -14.9000
   982.9100    -14.9100
   986.6500    -14.9400
   989.0500    -14.9400
   991.0500    -14.9400
   993.0400    -14.9500
   996.6600    -14.9600
  1000.9500    -14.9600
  1002.8000    -14.9700
  1008.8900    -14.9600
  1010.8200    -14.9700
  1012.7700    -14.9700
  1015.0700    -14.9900
  1018.8400    -14.9900
  1022.8400    -15.0100
  1024.9100    -15.0300
  1028.8600    -15.0500
  1031.0200    -15.0700
  1034.8500    -15.1000
  1038.8600    -15.1600
  1042.8300    -15.2300
  1046.5100    -15.3000
  1050.9300    -15.3800
  1053.1100    -15.4200
  1053.7200    -15.9600
  1059.5900    -15.9500
  1063.6300    -15.9400
  1065.8800    -15.9400
  1069.7400    -15.9300
  1071.9000    -15.9300
  1073.9900    -15.9300
  1076.0500    -15.9400
  1078.0700    -15.9400
  1080.0800    -15.9500
  1082.0500    -15.9600
  1085.9100    -15.9700
  1089.3300    -15.9800
  1091.6400    -15.9900
  1095.9200    -16.0100
  1097.7300    -16.0300
  1103.2200    -16.0400
  1109.6800    -16.0600
  1115.7200    -16.0900
  1117.1700    -16.1100
  1120.0400    -16.1500
  1122.0800    -16.1800
  1124.0700    -16.2200
  1127.6700    -16.2600
  1129.7800    -16.3000
  1131.7800    -16.3400
  1133.7900    -16.3800
  1135.7800    -16.4200
  1137.8300    -16.4600
  1139.9300    -16.5000
  1141.9300    -16.5400
  1143.9700    -16.5700
  1147.6000    -16.6100
  1149.7200    -16.6400
  1151.9700    -16.6800
  1155.7400    -16.7100
  1157.8800    -16.7400
  1161.6500    -16.7700
  1165.5800    -16.7900
  1169.6600    -16.8200
  1173.7900    -16.8400
  1179.5800    -16.8700
  1181.2700    -16.8900
  1183.5400    -16.9100
  1187.6500    -16.9300
  1193.6600    -16.9400
  1195.4900    -16.9600
  1199.1200    -16.9700
  1201.6000    -16.9800
  1204.1200    -16.9900
  1206.0500    -17.0000
  1209.9200    -17.0100
  1213.6500    -17.0200
  1215.5900    -17.0200
  1218.1200    -17.0200
  1223.7000    -17.0300
  1225.5900    -17.0300
  1227.4100    -17.0300
  1231.6100    -17.0300
  1235.7100    -17.0300
  1239.6800    -17.0200
  1243.5700    -17.0200
  1245.2300    -17.0100
  1247.9100    -17.0100
  1251.6300    -17.0000
  1253.2200    -17.0000
  1255.7600    -16.9900
  1257.8400    -16.9900
  1259.7800    -16.9800
  1261.8400    -16.9800
  1265.6900    -16.9700
  1267.6000    -16.9700
  1269.6400    -16.9700
  1271.6700    -16.9700
  1273.6900    -16.9600
  1275.7000    -16.9600
  1278.1100    -16.9700
  1280.0900    -16.9700
  1283.5100    -16.9700
  1285.9700    -16.9700
  1289.9100    -16.9800
  1291.9300    -16.9900
  1293.8600    -17.0000
  1295.8700    -17.0100
  1297.8300    -17.0200
  1299.8200    -17.0400
  1303.6800    -17.0600
  1305.6500    -17.0700
  1309.8900    -17.0900
  1311.8100    -17.1200
  1315.1300    -17.1400
  1318.0200    -17.1600
  1321.8800    -17.1900
  1323.8500    -17.2200
  1327.6500    -17.2400
  1329.9300    -17.2700
  1331.7500    -17.3000
  1334.0200    -17.3300
  1335.9500    -17.3600
  1337.9600    -17.3800
  1339.9500    -17.4100
  1342.0300    -17.4400
  1345.6300    -17.4600
  1347.6900    -17.4900
  1351.6400    -17.5100
  1357.6400    -17.5300
  1358.9300    -17.5600
  1361.4900    -17.5800
  1365.9300    -17.5900
  1369.7100    -17.6100
  1371.6600    -17.6300
  1373.5800    -17.6400
  1375.5100    -17.6500
  1378.0800    -17.6700
  1383.5800    -17.6800
  1389.6000    -17.6800
  1393.7300    -17.6900
  1399.6300    -17.7000
  1403.6200    -17.7000
  1405.3500    -17.7100
  1407.6500    -17.7100
  1411.7100    -17.7100
  1415.6700    -17.7100
  1419.6600    -17.7100
  1423.6100    -17.7100
  1425.8700    -17.7100
  1429.6800    -17.7100
  1431.8900    -17.7000
  1435.7000    -17.7000
  1437.8400    -17.7000
  1439.9500    -17.7000
  1442.0600    -17.7000
  1445.6500    -17.7000
  1447.6500    -17.7000
  1449.7000    -17.7000
  1451.7000    -17.7000
  1455.9200    -17.7000
  1457.8600    -17.7000
  1461.2200    -17.7100
  1463.6900    -17.7100
  1465.6400    -17.7200
  1467.6900    -17.7200
  1469.6800    -17.7300
  1471.7400    -17.7400
  1473.8100    -17.7500
  1475.9200    -17.7600
  1479.6500    -17.7700
  1481.7200    -17.7800
  1485.5600    -17.7900
  1489.6200    -17.8100
  1493.0100    -17.8200
  1497.5900    -17.8300
  1501.5200    -17.8500
  1503.7500    -17.8600
  1507.5900    -17.8700
  1509.8700    -17.8900
  1513.6900    -17.9000
  1515.8400    -17.9100
  1519.6600    -17.9300
  1521.8000    -17.9400
  1523.9800    -17.9500
  1527.6700    -17.9700
  1529.7100    -17.9800
  1531.8400    -17.9900
  1535.6500    -18.0000
  1537.6900    -18.0100
  1539.8300    -18.0200
  1541.8500    -18.0300
  1543.8800    -18.0400
  1545.9000    -18.0500
  1549.6500    -18.0600
  1551.8000    -18.0700
  1555.6700    -18.0800
  1557.8700    -18.0800
  1561.7300    -18.0900
  1563.8900    -18.1000
  1567.1100    -18.1100
  1571.6700    -18.1200
  1575.6200    -18.1300
  1577.7300    -18.1400
  1579.8800    -18.1500
  1583.4800    -18.1600
  1587.6200    -18.1700
  1591.4100    -18.1800
  1593.5900    -18.1900
  1595.7600    -18.2000
  1599.4100    -18.2100
  1602.0300    -18.2200
  1607.4100    -18.2200
  1609.6500    -18.2300
  1611.8700    -18.2300
  1615.7300    -18.2300
  1621.5200    -18.2400
  1625.7100    -18.2400
  1629.6600    -18.2400
  1633.0200    -18.2400
  1639.5400    -18.2300
  1641.7900    -18.2300
  1645.8100    -18.2200
  1649.7700    -18.2200
  1653.6800    -18.2100
  1655.8600    -18.2000
  1659.7600    -18.1900
  1663.6400    -18.1800
  1667.4400    -18.1800
  1669.6900    -18.1700
  1671.8000    -18.1600
  1675.4400    -18.1500
  1677.6100    -18.1400
  1679.7600    -18.1400
  1683.6100    -18.1300
  1685.7700    -18.1300
  1687.8800    -18.1200
  1691.4800    -18.1200
  1694.0800    -18.1200
  1696.1200    -18.1200
  1699.1300    -18.1200
  1702.0700    -18.1300
  1705.8700    -18.1300
  1709.6700    -18.1400
  1711.6600    -18.1500
  1713.6300    -18.1600
  1716.1100    -18.1700
  1718.0500    -18.1800
  1720.0500    -18.1900
  1723.6600    -18.2000
  1725.7300    -18.2200
  1727.9100    -18.2300
  1731.6400    -18.2500
  1733.7300    -18.2600
  1735.8800    -18.2800
  1739.7600    -18.3000
  1743.6900    -18.3200
  1745.2900    -18.3300
  1749.6500    -18.3500
  1753.3600    -18.3700
  1755.9700    -18.3900
  1759.7100    -18.4100
  1761.3200    -18.4300
  1765.7300    -18.4400
  1769.5300    -18.4600
  1772.0600    -18.4700
  1774.0700    -18.4900
  1776.0100    -18.5000
  1778.0800    -18.5200
  1781.7400    -18.5300
  1783.9100    -18.5400
  1786.0100    -18.5500
  1789.7000    -18.5600
  1791.8300    -18.5700
  1795.6500    -18.5700
  1799.6800    -18.5800
  1801.4100    -18.5800
  1803.7800    -18.5800
  1807.8000    -18.5800
  1810.1200    -18.5800
  1815.6100    -18.5700
  1819.3100    -18.5700
  1821.7500    -18.5600
  1827.6400    -18.5500
  1831.7100    -18.5500
  1833.4800    -18.5300
  1837.1700    -18.5200
  1839.6700    -18.5100
  1841.4700    -18.5000
  1847.6800    -18.4900
  1850.0900    -18.4700
  1855.6300    -18.4600
  1861.7200    -18.4400
  1865.8400    -18.4300
  1871.6000    -18.4100
  1873.2500    -18.4000
  1877.6800    -18.3900
  1879.9300    -18.3800
  1883.7000    -18.3700
  1885.7900    -18.3600
  1887.8900    -18.3500
  1889.8800    -18.3400
  1893.3800    -18.3400
  1895.8500    -18.3400
  1899.6600    -18.3400
  1902.0500    -18.3500
  1905.9300    -18.3500
  1909.7000    -18.3600
  1912.1100    -18.3700
  1914.1100    -18.3900
  1917.6000    -18.4000
  1919.6500    -18.4300
  1923.6800    -18.4500
  1925.7100    -18.4700
  1927.2000    -18.5000
  1929.6700    -18.5300
  1931.6400    -18.5600
  1933.7000    -18.5900
  1935.7800    -18.6200
  1937.8400    -18.6500
  1939.9600    -18.6800
  1941.9400    -18.7100
  1943.9400    -18.7500
  1945.9600    -18.7800
  1947.9700    -18.8100
  1951.6500    -18.8400
  1953.7100    -18.8700
  1955.7500    -18.8900
  1957.7900    -18.9200
  1959.8900    -18.9400
  1962.0000    -18.9600
  1965.6200    -18.9800
  1967.8300    -18.9900
  1971.7700    -19.0100
  1975.7400    -19.0200
  1981.5700    -19.0200
  1987.5900    -19.0300
  1989.4700    -19.0300
  1993.9300    -19.0300
  1995.8500    -19.0200
  1999.6600    -19.0200
  2001.5900    -19.0100
  2003.5200    -19.0000
  2006.0500    -18.9900
  2011.0400    -18.9700
  2013.5200    -18.9500
  2019.6400    -18.9300
  2025.6300    -18.9100
  2029.1500    -18.8900
  2035.5900    -18.8600
  2039.6300    -18.8400
  2043.6400    -18.8100
  2047.6200    -18.7900
  2049.8200    -18.7600
  2053.7000    -18.7300
  2055.9100    -18.7100
  2059.6800    -18.6900
  2061.7700    -18.6700
  2063.8500    -18.6500
  2065.8400    -18.6300
  2069.6900    -18.6200
  2071.7200    -18.6100
  2073.6900    -18.6000
  2075.7800    -18.5900
  2079.7000    -18.5800
  2082.0800    -18.5800
  2085.6800    -18.5800
  2087.9200    -18.5800
  2091.5900    -18.5900
  2095.6800    -18.6000
  2097.9300    -18.6100
  2101.7100    -18.6200
  2103.7300    -18.6300
  2105.8100    -18.6500
  2107.8900    -18.6700
  2109.8600    -18.6800
  2113.4100    -18.7000
  2115.6100    -18.7200
  2119.7200    -18.7400
  2123.8000    -18.7600
  2125.9600    -18.7800
  2129.6900    -18.8000
  2135.5100    -18.8300
  2139.6500    -18.8500
  2141.8900    -18.8700
  2145.7700    -18.8900
  2151.6500    -18.9100
  2155.7400    -18.9400
  2159.7200    -18.9600
  2165.5000    -18.9800
  2167.7400    -18.9900
  2171.7100    -19.0100
  2173.9000    -19.0300
  2177.6900    -19.0400
  2179.7700    -19.0600
  2181.8800    -19.0700
  2185.6600    -19.0800
  2187.8100    -19.0900
  2189.8800    -19.1000
  2193.6900    -19.1100
  2195.8400    -19.1200
  2197.9400    -19.1200
  2200.0000    -19.1300
  2203.7200    -19.1300
  2207.7000    -19.1300
  2213.6000    -19.1300
  2215.3100    -19.1300
  2219.7900    -19.1300
  2223.8900    -19.1300
  2227.5800    -19.1300
  2229.5000    -19.1300
  2233.1400    -19.1300
  2235.5900    -19.1200
  2241.6800    -19.1200
  2247.5400    -19.1200
  2251.1200    -19.1200
  2257.4400    -19.1200
  2259.6700    -19.1200
  2261.8800    -19.1200
  2265.6300    -19.1200
  2267.7600    -19.1200
  2269.8800    -19.1200
  2271.9800    -19.1300
  2274.0300    -19.1300
  2277.6300    -19.1300
  2279.7000    -19.1300
  2281.6800    -19.1400
  2283.7500    -19.1400
  2285.8000    -19.1500
  2289.6000    -19.1500
  2293.6200    -19.1600
  2295.8000    -19.1700
  2297.9000    -19.1700
  2301.6500    -19.1800
  2303.8400    -19.1900
  2307.8300    -19.2000
  2311.6400    -19.2100
  2313.8000    -19.2200
  2315.9400    -19.2300
  2319.4500    -19.2500
  2323.5700    -19.2600
  2325.8200    -19.2700
  2329.6600    -19.2800
  2331.6400    -19.3000
  2333.6800    -19.3100
  2335.7400    -19.3200
  2339.5500    -19.3400
  2343.6900    -19.3500
  2349.5500    -19.3600
  2353.5600    -19.3700
  2355.9300    -19.3800
  2359.5400    -19.3900
  2363.6400    -19.4000
  2367.0700    -19.4100
  2371.6100    -19.4200
  2375.4100    -19.4200
  2381.5400    -19.4300
  2383.7900    -19.4300
  2385.9200    -19.4400
  2388.0600    -19.4400
  2391.5100    -19.4400
  2395.7100    -19.4400
  2399.4600    -19.4400
  2401.6000    -19.4400
  2403.7100    -19.4400
  2407.3400    -19.4400
  2411.6700    -19.4400
  2413.8400    -19.4400
  2419.5000    -19.4400
  2421.8500    -19.4300
  2425.2300    -19.4300
  2429.7600    -19.4300
  2433.8700    -19.4300
  2437.6900    -19.4300
  2443.0400    -19.4300
  2449.5300    -19.4300
  2451.8300    -19.4300
  2455.8500    -19.4300
  2459.8400    -19.4300
  2463.6900    -19.4400
  2465.8200    -19.4400
  2467.9500    -19.4400
  2471.5900    -19.4500
  2473.6300    -19.4500
  2475.7000    -19.4600
  2477.7000    -19.4600
  2479.7100    -19.4700
  2483.5300    -19.4800
  2487.9400    -19.4800
  2491.7000    -19.4900
  2494.1000    -19.5000
  2497.6100    -19.5100
  2499.7400    -19.5100
  2501.8300    -19.5200
  2503.9700    -19.5300
  2507.7000    -19.5400
  2511.6200    -19.5400
  2515.5600    -19.5500
  2517.8000    -19.5600
  2523.0000    -19.5700
  2529.6200    -19.5800
  2533.9200    -19.5900
  2537.5900    -19.6000
  2541.7800    -19.6100
  2545.7600    -19.6200
  2551.6700    -19.6300
  2555.7100    -19.6500
  2559.1200    -19.6600
  2563.6100    -19.6700
  2567.4000    -19.6800
  2571.7200    -19.6800
  2575.3900    -19.6900
  2577.8900    -19.7000
  2580.0300    -19.7100
  2583.2300    -19.7100
  2587.7100    -19.7100
  2591.5800    -19.7200
  2593.8000    -19.7200
  2597.6400    -19.7200
  2599.8000    -19.7200
  2603.6500    -19.7200
  2607.6200    -19.7200
  2611.5700    -19.7200
  2615.5900    -19.7200
  2619.6300    -19.7200
  2623.5900    -19.7100
  2625.7600    -19.7100
  2629.6100    -19.7100
  2631.8300    -19.7100
  2635.6800    -19.7100
  2637.8300    -19.7100
  2641.6900    -19.7200
  2645.4300    -19.7200
  2647.5600    -19.7300
  2649.7300    -19.7400
  2651.8400    -19.7400
  2653.9000    -19.7500
  2655.9500    -19.7600
  2658.0300    -19.7700
  2660.0900    -19.7800
  2662.0800    -19.8000
  2664.0800    -19.8100
  2667.8800    -19.8200
  2671.9000    -19.8300
  2673.8500    -19.8500
  2675.9700    -19.8600
  2679.7400    -19.8800
  2683.1400    -19.9000
  2685.6800    -19.9100
  2687.7000    -19.9300
  2689.6800    -19.9400
  2691.6800    -19.9600
  2693.7600    -19.9700
  2697.7400    -19.9800
  2701.8100    -19.9900
  2705.8100    -20.0100
  2711.6200    -20.0200
  2713.5400    -20.0300
  2716.0900    -20.0400
  2721.6300    -20.0500
  2725.7300    -20.0600
  2729.6500    -20.0700
  2731.4400    -20.0800
  2735.6200    -20.0800
  2739.7500    -20.0900
  2743.6500    -20.0900
  2747.6900    -20.0900
  2753.6700    -20.0900
  2756.0800    -20.0900
  2759.6400    -20.0900
  2765.5300    -20.0900
  2767.8500    -20.0900
  2771.7400    -20.0900
  2775.1400    -20.0800
  2777.8900    -20.0800
  2781.6800    -20.0800
  2783.3100    -20.0800
  2787.6700    -20.0700
  2791.4200    -20.0700
  2794.0200    -20.0700
  2797.6200    -20.0600
  2799.1500    -20.0600
  2801.8700    -20.0600
  2804.0000    -20.0600
  2807.1100    -20.0600
  2809.7300    -20.0600
  2811.8600    -20.0600
  2813.9900    -20.0600
  2817.6500    -20.0700
  2821.6300    -20.0700
  2823.6700    -20.0800
  2825.7600    -20.0800
  2827.8600    -20.0900
  2831.1200    -20.1000
  2833.8400    -20.1000
  2837.7100    -20.1100
  2839.4500    -20.1200
  2843.6500    -20.1300
  2847.6900    -20.1400
  2851.6300    -20.1600
  2855.6900    -20.1700
  2857.4000    -20.1900
  2859.6100    -20.2000
  2861.8500    -20.2200
  2865.6500    -20.2300
  2867.7900    -20.2500
  2870.0100    -20.2700
  2873.6500    -20.2800
  2875.7100    -20.3000
  2877.8300    -20.3100
  2879.8000    -20.3300
  2881.8200    -20.3500
  2883.8500    -20.3600
  2886.0100    -20.3700
  2889.6000    -20.3900
  2891.9100    -20.4000
  2895.7000    -20.4200
  2897.5700    -20.4300
  2899.7200    -20.4400
  2901.7800    -20.4500
  2903.9000    -20.4600
  2907.9100    -20.4700
  2909.8600    -20.4800
  2911.7900    -20.4800
  2913.9100    -20.4900
  2916.0000    -20.5000
  2919.6200    -20.5000
  2921.6900    -20.5100
  2923.7500    -20.5100
  2927.6200    -20.5100
  2929.3200    -20.5200
  2931.6300    -20.5200
  2935.7500    -20.5300
  2941.6100    -20.5300
  2945.7400    -20.5300
  2951.5700    -20.5400
  2955.6600    -20.5400
  2959.7000    -20.5400
  2961.4400    -20.5500
  2963.7300    -20.5500
  2967.6800    -20.5500
  2971.5800    -20.5600
  2973.7900    -20.5600
  2977.6000    -20.5700
  2979.7600    -20.5700
  2981.8700    -20.5800
  2985.7800    -20.5800
  2987.9400    -20.5900
  2990.0600    -20.6000
  2993.6400    -20.6000
  2995.6400    -20.6100
  2997.6800    -20.6200
  2999.7000    -20.6300
  3001.8400    -20.6400
  3003.8600    -20.6500
  3005.8700    -20.6600
  3009.6800    -20.6700
  3012.0700    -20.6800
  3014.0200    -20.7000
  3017.9400    -20.7100
  3021.7300    -20.7200
  3025.7400    -20.7300
  3029.6000    -20.7400
  3031.6700    -20.7500
  3033.7700    -20.7600
  3039.6700    -20.7600
  3041.5900    -20.7700
  3047.7100    -20.7800
  3051.6700    -20.7800
  3052.7800    -20.7900
  3057.7000    -20.7900
  3061.5700    -20.8000
  3065.5800    -20.8000
  3069.5600    -20.8000
  3071.8300    -20.8000
  3075.7600    -20.8000
  3079.6500    -20.8000
  3081.7900    -20.8000
  3085.7000    -20.8000
  3087.9300    -20.7900
  3091.7800    -20.7900
  3093.9100    -20.7900
  3097.6200    -20.7900
  3099.7000    -20.7900
  3101.7500    -20.7900
  3103.7700    -20.7900
  3105.8500    -20.7900
  3107.8700    -20.8000
  3109.8500    -20.8000
  3111.8300    -20.8000
  3113.8200    -20.8100
  3115.7900    -20.8200
  3117.8400    -20.8300
  3119.7900    -20.8400
  3123.8200    -20.8500
  3127.6800    -20.8600
  3129.6800    -20.8700
  3131.6300    -20.8800
  3134.0600    -20.9000
  3139.4900    -20.9100
  3143.7000    -20.9300
  3147.2800    -20.9400
  3149.8200    -20.9500
  3151.8900    -20.9700
  3155.2600    -20.9800
  3157.5800    -20.9900
  3159.8900    -21.0100
  3163.6800    -21.0200
  3165.8700    -21.0300
  3171.5600    -21.0400
  3175.7400    -21.0400
  3181.0000    -21.0500
  3187.6700    -21.0600
  3193.6000    -21.0600
  3198.9000    -21.0700
  3203.6100    -21.0700
  3207.6800    -21.0700
  3211.7100    -21.0700
  3215.6900    -21.0700
  3219.5700    -21.0700
  3221.7700    -21.0700
  3225.5900    -21.0700
  3227.6800    -21.0700
  3229.8100    -21.0700
  3233.6200    -21.0700
  3235.7800    -21.0700
  3237.9800    -21.0700
  3240.6400    -21.0800
  3245.6800    -21.0800
  3249.6200    -21.0800
  3253.6700    -21.0800
  3257.6500    -21.0900
  3259.9000    -21.0900
  3263.7000    -21.1000
  3265.8300    -21.1100
  3267.9600    -21.1200
  3271.7100    -21.1300
  3273.8600    -21.1400
  3277.7000    -21.1500
  3279.8700    -21.1600
  3281.9300    -21.1700
  3283.8700    -21.1800
  3285.7700    -21.1900
  3287.7500    -21.2000
  3289.7800    -21.2100
  3291.8300    -21.2200
  3295.6200    -21.2300
  3297.7000    -21.2400
  3299.6500    -21.2500
  3301.7100    -21.2600
  3303.6900    -21.2700
  3305.2800    -21.2800
  3307.8900    -21.2900
  3313.5300    -21.3000
  3315.8300    -21.3100
  3319.6000    -21.3100
  3321.6700    -21.3200
  3325.6400    -21.3200
  3329.5500    -21.3300
  3333.6300    -21.3300
  3335.7500    -21.3400
  3337.8400    -21.3400
  3339.8800    -21.3500
  3343.7600    -21.3500
  3346.1000    -21.3600
  3349.7300    -21.3600
  3353.7300    -21.3600
  3357.6600    -21.3700
  3359.8500    -21.3700
  3363.1700    -21.3700
  3365.9100    -21.3800
  3369.1200    -21.3800
  3371.8300    -21.3900
  3375.8300    -21.3900
  3379.6000    -21.4000
  3381.7100    -21.4000
  3383.9000    -21.4000
  3387.6900    -21.4100
  3389.8200    -21.4200
  3391.9300    -21.4200
  3395.6900    -21.4300
  3397.7900    -21.4300
  3399.8400    -21.4400
  3401.9200    -21.4500
  3405.5800    -21.4600
  3407.7600    -21.4700
  3409.9200    -21.4700
  3412.0200    -21.4800
  3414.0900    -21.4900
  3416.0900    -21.5000
  3419.7000    -21.5100
  3421.8900    -21.5300
  3425.7400    -21.5400
  3427.8800    -21.5500
  3429.9400    -21.5600
  3431.9700    -21.5700
  3435.6300    -21.5900
  3437.8500    -21.6000
  3441.7100    -21.6100
  3443.8000    -21.6300
  3445.9100    -21.6400
  3448.0600    -21.6500
  3451.7200    -21.6700
  3453.8100    -21.6800
  3457.5800    -21.6900
  3459.8700    -21.7100
  3463.6600    -21.7200
  3465.7200    -21.7300
  3469.3700    -21.7400
  3473.5900    -21.7600
  3475.7800    -21.7700
  3477.8800    -21.7800
  3479.9400    -21.7900
  3483.9300    -21.8000
  3487.8000    -21.8000
  3491.6500    -21.8100
  3493.2400    -21.8200
  3495.8100    -21.8200
  3497.8600    -21.8200
  3499.9400    -21.8200
  3505.6100    -21.8200
  3507.9200    -21.8200
  3509.7500    -21.8200
  3515.6300    -21.8200
  3517.9300    -21.8200
  3521.6500    -21.8200
  3524.0900    -21.8100
  3527.8800    -21.8100
  3529.8300    -21.8000
  3533.6700    -21.8000
  3535.5600    -21.7900
  3537.3900    -21.7900
  3539.8900    -21.7800
  3543.6000    -21.7800
  3549.5600    -21.7800
  3553.6100    -21.7700
  3555.3200    -21.7700
  3557.6100    -21.7700
  3559.8800    -21.7700
  3563.7700    -21.7600
  3567.6400    -21.7600
  3569.8200    -21.7600
  3571.9600    -21.7600
  3574.0100    -21.7700
  3577.6500    -21.7700
  3579.7600    -21.7700
  3581.8400    -21.7800
  3583.8900    -21.7800
  3585.7700    -21.7800
  3588.1200    -21.7900
  3590.0200    -21.7900
  3593.6800    -21.8000
  3595.6700    -21.8100
  3597.7200    -21.8100
  3599.8100    -21.8200
  3601.8500    -21.8300
  3603.8100    -21.8400
  3608.9900    -21.8400
  3611.8200    -21.8500
  3615.7700    -21.8600
  3617.9600    -21.8800
  3621.6700    -21.8900
  3625.6400    -21.9000
  3627.7800    -21.9100
  3629.9800    -21.9300
  3633.6900    -21.9400
  3635.7600    -21.9600
  3639.7200    -21.9700
  3641.8700    -21.9900
  3643.9500    -22.0000
  3646.0200    -22.0200
  3647.9600    -22.0300
  3651.4900    -22.0500
  3653.8700    -22.0700
  3657.9000    -22.0800
  3661.9000    -22.1000
  3665.6100    -22.1200
  3669.8100    -22.1300
  3671.9200    -22.1500
  3673.8100    -22.1700
  3677.5800    -22.1800
  3679.8400    -22.2000
  3682.0000    -22.2200
  3684.0500    -22.2300
  3687.5900    -22.2500
  3689.7700    -22.2600
  3693.9300    -22.2700
  3697.0700    -22.2800
  3699.6300    -22.3000
  3703.8300    -22.3100
  3707.9400    -22.3200
  3709.8800    -22.3300
  3711.8400    -22.3400
  3713.9400    -22.3500
  3715.9500    -22.3500
  3718.0500    -22.3600
  3721.8400    -22.3700
  3725.6300    -22.3700
  3727.5300    -22.3700
  3731.9300    -22.3700
  3735.0500    -22.3800
  3737.5000    -22.3800
  3743.6000    -22.3800
  3749.5700    -22.3700
  3753.2000    -22.3700
  3759.6400    -22.3700
  3763.8500    -22.3600
  3767.7900    -22.3600
  3771.7900    -22.3500
  3775.6200    -22.3500
  3779.3900    -22.3400
  3783.6900    -22.3300
  3787.3100    -22.3300
  3789.9500    -22.3200
  3795.4100    -22.3100
  3797.6100    -22.3100
  3799.6600    -22.3000
  3803.2700    -22.2900
  3807.6100    -22.2900
  3811.5000    -22.2800
  3813.6900    -22.2800
  3815.7300    -22.2800
  3819.5500    -22.2800
  3823.6100    -22.2800
  3827.4400    -22.2800
  3829.7700    -22.2900
  3833.6600    -22.2900
  3835.8800    -22.3000
  3839.6800    -22.3100
  3841.8500    -22.3200
  3845.6100    -22.3300
  3847.7500    -22.3500
  3849.8800    -22.3600
  3851.9500    -22.3800
  3854.0300    -22.4000
  3857.8100    -22.4200
  3860.0400    -22.4400
  3863.6200    -22.4600
  3867.1300    -22.4800
  3869.8700    -22.5100
  3871.8400    -22.5300
  3874.0500    -22.5500
  3877.6600    -22.5700
  3883.0200    -22.5900
  3885.9700    -22.6100
  3888.0600    -22.6300
  3890.0500    -22.6500
  3893.6000    -22.6700
  3897.5900    -22.6900
  3899.3500    -22.7000
  3901.7700    -22.7200
  3905.6300    -22.7300
  3907.7400    -22.7400
  3911.6300    -22.7500
  3917.5500    -22.7600
  3921.7800    -22.7700
  3925.2500    -22.7800
  3931.5900    -22.7800
  3935.7000    -22.7900
  3941.5900    -22.7900
  3947.6300    -22.8000
  3953.6600    -22.8000
  3959.5800    -22.8000
  3963.6700    -22.8000
  3967.6700    -22.7900
  3969.3500    -22.7900
  3971.6600    -22.7900
  3975.6300    -22.7800
  3979.5400    -22.7800
  3981.7700    -22.7700
  3983.9600    -22.7600
  3989.6500    -22.7500
  3993.6800    -22.7500
  3997.6600    -22.7400
  4001.6600    -22.7300
  4003.3600    -22.7200
  4005.6200    -22.7100
  4009.5700    -22.7000
  4011.8100    -22.7000
  4015.6500    -22.6900
  4017.8300    -22.6900
  4019.9600    -22.6800
  4023.6700    -22.6800
  4025.8000    -22.6800
  4027.8800    -22.6800
  4030.0000    -22.6800
  4033.6200    -22.6900
  4035.6100    -22.6900
  4037.6800    -22.7000
  4039.6200    -22.7100
  4042.0700    -22.7200
  4044.0300    -22.7400
  4045.9900    -22.7500
  4048.0000    -22.7700
  4050.0400    -22.7800
  4053.7000    -22.8000
  4055.7800    -22.8200
  4057.8700    -22.8400
  4059.8300    -22.8600
  4061.8100    -22.8800
  4063.7600    -22.9000
  4065.7600    -22.9200
  4067.8000    -22.9400
  4071.6100    -22.9600
  4073.8500    -22.9800
  4077.9300    -23.0000
  4081.2100    -23.0200
  4083.7100    -23.0400
  4085.8400    -23.0600
  4089.2300    -23.0800
  4093.6200    -23.0900
  4097.3500    -23.1100
  4101.6500    -23.1200
  4105.7200    -23.1300
  4111.5500    -23.1400
  4115.5900    -23.1500
  4119.7100    -23.1600
  4121.6200    -23.1700
  4123.4600    -23.1700
  4126.1000    -23.1800
  4131.6500    -23.1800
  4137.5900    -23.1900
  4139.4900    -23.1900
  4143.2300    -23.1900
  4145.6800    -23.1900
  4148.1100    -23.1900
  4151.7100    -23.1800
  4153.5300    -23.1800
  4157.6800    -23.1800
  4161.1100    -23.1800
  4165.6400    -23.1700
  4169.5200    -23.1700
  4171.6800    -23.1700
  4173.7800    -23.1700
  4177.3600    -23.1700
  4179.9300    -23.1600
  4181.9900    -23.1600
  4183.9900    -23.1600
  4186.0000    -23.1600
  4189.8400    -23.1700
  4192.0800    -23.1700
  4195.9000    -23.1700
  4199.3500    -23.1800
  4203.6400    -23.1800
  4205.7200    -23.1900
  4207.2400    -23.1900
  4209.8600    -23.2000
  4213.5900    -23.2100
  4215.2400    -23.2200
  4221.6200    -23.2300
  4225.6000    -23.2500
  4227.8100    -23.2600
  4231.8100    -23.2800
  4235.8000    -23.2900
  4239.7100    -23.3100
  4241.8700    -23.3300
  4245.7600    -23.3500
  4247.9000    -23.3700
  4250.0000    -23.3900
  4252.0600    -23.4100
  4254.0800    -23.4300
  4257.7300    -23.4400
  4259.8600    -23.4600
  4261.9600    -23.4800
  4267.6800    -23.5000
  4271.6300    -23.5100
  4273.7600    -23.5300
  4275.9100    -23.5400
  4279.6600    -23.5600
  4281.8000    -23.5700
  4283.9400    -23.5800
  4287.6700    -23.5900
  4289.8300    -23.6000
  4293.6700    -23.6000
  4297.8800    -23.6000
  4301.6600    -23.6100
  4303.5300    -23.6100
  4305.3200    -23.6100
  4307.7100    -23.6100
  4313.5600    -23.6100
  4316.0900    -23.6100
  4321.6900    -23.6100
  4323.5500    -23.6100
  4329.5500    -23.6100
  4333.7300    -23.6000
  4337.7400    -23.6000
  4341.1500    -23.6000
  4345.6800    -23.6000
  4349.6700    -23.6000
  4351.8700    -23.6000
  4355.6200    -23.5900
  4357.7100    -23.5900
  4359.7700    -23.6000
  4361.8100    -23.6000
  4363.8200    -23.6000
  4365.7600    -23.6000
  4368.0900    -23.6100
  4370.0500    -23.6100
  4371.9900    -23.6200
  4374.1200    -23.6200
  4377.9100    -23.6300
  4381.8500    -23.6400
  4383.7500    -23.6500
  4387.5600    -23.6600
  4389.9100    -23.6700
  4391.7800    -23.6900
  4393.7400    -23.7000
  4395.7300    -23.7200
  4397.7700    -23.7300
  4399.7500    -23.7500
  4401.8100    -23.7700
  4403.8200    -23.7800
  4405.9000    -23.8000
  4409.7100    -23.8200
  4413.6200    -23.8400
  4415.8100    -23.8600
  4419.6000    -23.8800
  4421.8000    -23.9000
  4425.6000    -23.9200
  4429.4900    -23.9400
  4431.8400    -23.9600
  4435.7700    -23.9700
  4437.9000    -23.9900
  4441.6300    -24.0000
  4445.6600    -24.0100
  4451.5700    -24.0200
  4453.3300    -24.0300
  4455.6000    -24.0400
  4459.6300    -24.0500
  4465.7100    -24.0500
  4467.5800    -24.0500
  4469.4500    -24.0500
  4471.4100    -24.0500
  4475.6700    -24.0500
  4481.7100    -24.0400
  4483.6400    -24.0400
  4485.6100    -24.0300
  4487.5100    -24.0200
  4493.6900    -24.0200
  4499.0600    -24.0100
  4503.7400    -24.0000
  4507.7600    -23.9900
  4511.7700    -23.9800
  4515.7600    -23.9700
  4519.6500    -23.9600
  4521.7200    -23.9500
  4523.8900    -23.9500
  4527.6600    -23.9400
  4529.7200    -23.9400
  4531.8400    -23.9400
  4533.8800    -23.9400
  4537.6800    -23.9400
  4540.1100    -23.9400
  4543.8900    -23.9500
  4547.5900    -23.9500
  4551.7200    -23.9600
  4554.0400    -23.9700
  4557.6400    -23.9900
  4559.7200    -24.0000
  4561.7600    -24.0200
  4563.8700    -24.0300
  4565.9100    -24.0500
  4567.9100    -24.0700
  4571.7200    -24.0900
  4574.1000    -24.1100
  4577.5100    -24.1300
  4579.9100    -24.1500
  4581.7400    -24.1800
  4584.1000    -24.2000
  4587.7200    -24.2200
  4591.2800    -24.2400
  4593.6600    -24.2600
  4595.6600    -24.2800
  4599.0100    -24.3000
  4603.6500    -24.3200
  4607.7400    -24.3400
  4611.9200    -24.3500
  4613.8000    -24.3700
  4617.0700    -24.3800
  4619.7500    -24.3900
  4621.8200    -24.4000
  4623.9000    -24.4100
  4625.8700    -24.4100
  4629.7000    -24.4200
  4631.6500    -24.4300
  4633.6200    -24.4300
  4635.5100    -24.4300
  4637.4000    -24.4300
  4641.7100    -24.4400
  4647.6000    -24.4400
  4651.8200    -24.4400
  4655.1900    -24.4300
  4659.6400    -24.4300
  4663.4400    -24.4300
  4666.0900    -24.4300
  4668.0700    -24.4300
  4671.1000    -24.4200
  4673.8200    -24.4200
  4675.8800    -24.4200
  4677.9100    -24.4200
  4681.6200    -24.4200
  4685.6000    -24.4200
  4687.2600    -24.4200
  4691.7100    -24.4200
  4695.4400    -24.4200
  4697.6400    -24.4200
  4701.5600    -24.4200
  4705.5800    -24.4300
  4707.8200    -24.4300
  4711.6100    -24.4300
  4713.6800    -24.4400
  4715.6700    -24.4500
  4717.6500    -24.4500
  4719.7000    -24.4600
  4721.8200    -24.4700
  4723.9400    -24.4800
  4727.6500    -24.4900
  4729.6900    -24.5000
  4731.6900    -24.5100
  4734.1000    -24.5200
  4737.8000    -24.5300
  4740.1000    -24.5400
  4743.9100    -24.5500
  4745.8300    -24.5700
  4749.2000    -24.5800
  4752.0700    -24.5900
  4755.6300    -24.6000
  4757.7700    -24.6100
  4761.6000    -24.6300
  4763.6500    -24.6400
  4765.6800    -24.6500
  4769.5100    -24.6600
  4773.3600    -24.6700
  4775.7900    -24.6900
  4779.6900    -24.7000
  4783.6200    -24.7100
  4787.7200    -24.7200
  4789.5600    -24.7400
  4791.4400    -24.7500
  4797.6900    -24.7600
  4799.5500    -24.7700
  4805.5700    -24.7800
  4811.6700    -24.7900
  4817.5400    -24.7900
  4821.6100    -24.8000
  4825.7100    -24.8000
  4827.3900    -24.8100
  4829.6800    -24.8100
  4833.5900    -24.8100
  4835.7700    -24.8100
  4839.6300    -24.8100
  4841.8100    -24.8100
  4843.9200    -24.8100
  4847.6000    -24.8100
  4849.7300    -24.8100
  4851.7800    -24.8100
  4853.8800    -24.8000
  4855.9800    -24.8000
  4858.0700    -24.8000
  4861.6100    -24.8000
  4867.2100    -24.8000
  4869.9700    -24.8100
  4871.9800    -24.8100
  4875.6200    -24.8100
  4877.6900    -24.8200
  4879.7200    -24.8200
  4883.6000    -24.8300
  4885.6800    -24.8400
  4887.8000    -24.8500
  4891.7200    -24.8600
  4895.6200    -24.8700
  4899.5700    -24.8800
  4905.5200    -24.9000
  4907.2500    -24.9100
  4911.6400    -24.9200
  4915.4400    -24.9400
  4917.6100    -24.9500
  4919.7900    -24.9700
  4923.6700    -24.9800
  4925.9100    -25.0000
  4929.7600    -25.0100
  4931.8700    -25.0200
  4935.5900    -25.0400
  4937.7200    -25.0500
  4939.8000    -25.0600
  4941.8500    -25.0700
  4943.8900    -25.0900
  4947.4400    -25.1000
  4949.9000    -25.1100
  4951.8000    -25.1200
  4953.9400    -25.1300
  4957.8400    -25.1400
  4961.2500    -25.1400
  4964.1100    -25.1500
  4969.6800    -25.1600
  4971.6500    -25.1600
  4973.7100    -25.1700
  4977.8200    -25.1700
  4979.7400    -25.1800
  4983.6800    -25.1800
  4985.5200    -25.1800
  4988.0900    -25.1800
  4991.8800    -25.1900
  4995.0400    -25.1900
  4997.6800    -25.1900
  4999.5700    -25.1900
  5001.6000    -25.1900
  5004.0900    -25.1900
  5007.9300    -25.1900
  5011.6700    -25.1900
  5014.0900    -25.1900
  5017.7300    -25.1900
  5021.8100    -25.1900
  5025.6200    -25.1900
  5027.7000    -25.1900
  5029.8300    -25.1900
  5033.7000    -25.1900
  5035.9300    -25.2000
  5037.9700    -25.2000
  5041.8800    -25.2000
  5043.7500    -25.2100
  5049.2500    -25.2100
  5053.4200    -25.2200
  5055.8700    -25.2200
  5057.8500    -25.2200
  5063.7000    -25.2300
  5066.1000    -25.2300
  5069.7400    -25.2400
  5071.9300    -25.2400
  5073.8600    -25.2500
  5077.6800    -25.2600
  5083.5900    -25.2600
  5085.8200    -25.2800
  5087.9200    -25.2900
  5090.0100    -25.3000
  5093.7000    -25.3100
  5095.8800    -25.3300
  5099.6600    -25.3400
  5101.7600    -25.3600
  5103.9400    -25.3800
  5106.6000    -25.4000
  5110.2500    -25.4200
OC117 27SEP2021 (AME)
783
    -2.8300     13.2100
     1.8300     13.2300
     2.5200      7.5700
     3.4500      7.5900
    10.5100      8.2800
    16.2100      8.4200
    23.7400      8.7100
    30.5900     10.3000
    37.0600     11.3400
    43.1500     12.0400
    49.6500     12.5800
    57.1700     12.5900
    63.9000     12.5900
    70.6100     12.4300
    76.0200     11.3800
    82.9300     10.1600
    87.8800     11.3000
    91.5900     12.5100
    93.6800     12.9800
    95.8800     12.4800
    99.2200     10.7700
   103.3700      9.2300
   105.2400      9.0000
   111.8900      8.7500
   118.7000      8.7400
   127.4800      8.7100
   136.2500      8.7400
   145.0900      8.8300
   153.0700      8.9000
   161.2900      8.8600
   168.7700      8.6700
   175.4700      8.3600
   181.7700      7.9800
   188.2500      7.4800
   195.6300      6.8900
   202.6800      5.8000
   206.2400      5.2000
   211.2000      4.8300
   216.6500      4.4900
   222.4200      3.8700
   227.5400      3.3900
   233.5800      2.9400
   238.9700      2.5800
   244.1500      2.2100
   249.7900      1.8300
   255.5700      1.4300
   260.7900      1.0900
   267.8300      0.4600
   274.6600     -0.0600
   279.7600     -0.4800
   286.0000     -0.9000
   291.7200     -1.5800
   297.3100     -2.0800
   302.1200     -2.4600
   307.0900     -2.4700
   312.2700     -2.6600
   317.7800     -2.8000
   322.7900     -2.8400
   327.7200     -2.9400
   332.7800     -3.1600
   337.4600     -3.1900
   342.6900     -3.3500
   348.1500     -3.2800
   352.7500     -3.5800
   358.3700     -3.5900
   363.5300     -3.5200
   367.4900     -3.6000
   371.7000     -3.5500
   375.7100     -3.7500
   379.9100     -3.8000
   385.0100     -3.6200
   391.0000     -3.5000
   395.5800     -3.4200
   400.0100     -3.3500
   405.5800     -2.7000
   411.2800     -2.9100
   417.2400     -3.2400
   420.9600     -3.3100
   427.6800     -3.5400
   432.9400     -3.5200
   438.0000     -3.4800
   443.1600     -3.8900
   448.1200     -3.9300
   452.5100     -4.2600
   458.3500     -4.1000
   464.7400     -4.2200
   470.3300     -4.4100
   476.0400     -4.6200
   480.2000     -4.3700
   483.8400     -4.5800
   487.8000     -4.7700
   492.8200     -4.5600
   497.4400     -4.6000
   503.9400     -4.9600
   510.8600     -4.6300
   519.1600     -4.8600
   530.6200     -4.5000
   534.7100     -4.5200
   541.4300     -4.4600
   547.7900     -4.5900
   553.5300     -4.3600
   558.5500     -4.7600
   563.6600     -5.0200
   569.8900     -4.8200
   575.4600     -5.1200
   580.4400     -5.8100
   588.0200     -6.2300
   593.4500     -5.8100
   599.6900     -7.0200
   606.5800     -6.9900
   611.5600     -6.8200
   616.8500     -6.9600
   622.0100     -7.0900
   627.8100     -7.2200
   633.3700     -7.3800
   638.8100     -7.5500
   643.6000     -7.6800
   648.6700     -7.9400
   654.5700     -8.5300
   662.9300     -8.2000
   668.3200     -8.7600
   677.2200     -8.9600
   682.5100     -9.2800
   690.2600     -9.4200
   695.5600     -9.5800
   701.4800     -9.9700
   710.5700    -10.0400
   715.9900    -10.1400
   721.4100    -10.3000
   727.0800    -10.6300
   732.0900    -10.8300
   738.2400    -10.7600
   744.1300    -11.0200
   749.3800    -11.1200
   754.7500    -11.2900
   760.1700    -11.3800
   765.7800    -11.6100
   772.5400    -11.8800
   779.0100    -11.6800
   784.3300    -11.9100
   789.3200    -12.2400
   795.0200    -12.3400
   801.9800    -12.2700
   807.3600    -12.4700
   815.9000    -12.6600
   821.5100    -12.7600
   827.4400    -13.0200
   836.0800    -12.9600
   841.5200    -13.2500
   847.1300    -13.4500
   852.3300    -13.4800
   857.5400    -13.2900
   863.1400    -13.6800
   868.5500    -13.9100
   873.7400    -13.8500
   878.9000    -13.6800
   884.2200    -14.0700
   889.7600    -14.1400
   894.7700    -14.0700
   900.3300    -14.1700
   905.4700    -14.2700
   910.8000    -14.3700
   915.8200    -14.4700
   923.3500    -14.4000
   928.4200    -14.5000
   933.6900    -14.7300
   940.3100    -14.7600
   946.1600    -14.8900
   952.8600    -14.8600
   959.6900    -14.9300
   965.3000    -15.0600
   971.1300    -15.0900
   976.7000    -15.3500
   981.9300    -15.5500
   987.0300    -15.1600
   992.3600    -15.4200
   999.7900    -15.5800
  1007.5700    -15.5500
  1012.9500    -15.6500
  1020.9500    -15.6800
  1026.8800    -15.9400
  1032.4700    -15.9800
  1038.2000    -15.9100
  1047.0900    -15.9400
  1052.1700    -16.0100
  1058.3000    -16.0800
  1065.7100    -16.2400
  1072.5700    -16.2100
  1079.6600    -16.2700
  1085.2500    -16.1700
  1091.2700    -16.3100
  1099.2100    -16.4000
  1107.8400    -16.4000
  1114.9900    -16.5000
  1120.5800    -16.3700
  1126.0900    -16.5000
  1136.6500    -16.6300
  1145.3200    -16.6300
  1153.5500    -16.6000
  1159.4300    -16.7000
  1164.7300    -16.9000
  1171.1700    -17.0300
  1177.0300    -16.9000
  1182.9500    -16.8300
  1191.6600    -16.8300
  1196.9700    -16.9600
  1204.2700    -16.9900
  1209.9400    -17.0300
  1215.9200    -17.1300
  1221.0600    -17.0300
  1228.5500    -17.0300
  1233.7100    -17.0300
  1241.2600    -17.2200
  1247.9100    -17.0300
  1253.1600    -17.2900
  1258.6400    -17.3600
  1264.8900    -17.2200
  1270.5800    -17.2200
  1276.9400    -17.3200
  1282.6500    -17.2600
  1290.6800    -17.2900
  1300.0000    -17.2900
  1308.1100    -17.3900
  1314.9800    -17.5200
  1320.5200    -17.5500
  1327.3100    -17.5900
  1333.5100    -17.3600
  1340.0800    -17.5500
  1347.6300    -17.5900
  1354.7300    -17.5900
  1360.1700    -17.5500
  1365.4900    -17.5200
  1374.2000    -17.6200
  1381.6400    -17.5200
  1389.3700    -17.6500
  1395.4200    -17.6800
  1402.3500    -17.6500
  1408.6000    -17.7200
  1414.2700    -17.7500
  1419.4200    -17.6500
  1424.4000    -17.6500
  1429.7300    -17.7500
  1438.5700    -17.7500
  1447.2600    -17.8100
  1452.6000    -17.8100
  1458.5400    -17.7800
  1466.4600    -17.8800
  1472.2100    -17.8100
  1480.0500    -17.8100
  1485.1700    -17.8800
  1491.5200    -17.7800
  1496.7800    -17.8100
  1502.9900    -17.9100
  1509.3300    -18.1400
  1515.4900    -17.9100
  1521.8900    -17.8100
  1528.1900    -17.8800
  1533.8800    -18.0400
  1541.4600    -18.0400
  1549.4700    -18.0400
  1554.6000    -18.0400
  1559.8000    -17.9500
  1566.1200    -18.0400
  1574.1700    -18.0800
  1580.9000    -18.0800
  1585.9100    -18.0100
  1591.0800    -18.1400
  1598.7500    -18.2400
  1605.0200    -18.2100
  1612.1700    -18.0800
  1617.5800    -18.0400
  1622.7700    -18.1400
  1629.9400    -18.2100
  1639.3400    -18.2100
  1645.6100    -18.2100
  1651.1000    -18.2700
  1656.2800    -18.1400
  1662.8200    -18.1400
  1669.6500    -18.2700
  1677.5600    -18.3400
  1682.5600    -18.3100
  1688.0600    -18.2100
  1697.9200    -18.3400
  1703.0900    -18.3400
  1708.5800    -18.2400
  1716.3100    -18.3100
  1726.1700    -18.4400
  1731.4900    -18.4400
  1737.7600    -18.3100
  1744.1700    -18.2400
  1751.4300    -18.3400
  1757.1300    -18.4100
  1766.7300    -18.3700
  1772.8400    -18.3400
  1779.4900    -18.4400
  1789.4900    -18.5000
  1798.2500    -18.4700
  1803.7700    -18.4100
  1809.2100    -18.4700
  1816.8500    -18.5700
  1824.1100    -18.4400
  1829.3300    -18.5400
  1837.5900    -18.6000
  1844.0900    -18.5400
  1853.5600    -18.6000
  1859.7700    -18.5400
  1868.6900    -18.6000
  1874.2200    -18.7000
  1879.7400    -18.7700
  1887.4800    -18.7000
  1893.6200    -18.5700
  1899.1800    -18.7300
  1904.2500    -19.0000
  1912.4400    -18.7700
  1918.0400    -18.6000
  1923.2600    -18.7700
  1928.8700    -18.8300
  1933.9200    -18.7000
  1939.0700    -18.7700
  1946.4700    -18.6000
  1953.0200    -18.6700
  1958.3500    -18.7700
  1963.5300    -18.7700
  1968.9900    -18.8600
  1974.4300    -18.7300
  1981.9900    -18.8300
  1988.7800    -18.9300
  1994.0800    -18.8000
  1999.7100    -18.8600
  2008.6600    -18.8600
  2018.2300    -18.7700
  2023.7700    -18.8300
  2033.6600    -19.0000
  2040.4900    -18.8600
  2047.7600    -18.8300
  2056.7400    -18.9000
  2064.1800    -18.9000
  2069.4000    -19.0300
  2075.4500    -19.0000
  2081.9300    -18.9300
  2087.1300    -18.9000
  2093.9500    -19.0000
  2099.4800    -18.8600
  2106.8700    -18.9300
  2112.6400    -19.1300
  2119.4800    -19.0600
  2126.6800    -18.9600
  2132.8600    -19.0900
  2138.9900    -19.0000
  2145.5400    -19.0600
  2152.7700    -19.1600
  2158.8100    -19.1900
  2167.8600    -19.1300
  2172.9300    -19.0300
  2178.0900    -19.0300
  2186.1500    -19.0600
  2194.0100    -19.0300
  2202.0600    -19.0900
  2207.1400    -19.2300
  2212.5700    -19.3200
  2217.7500    -19.1900
  2223.0600    -19.0900
  2228.7800    -19.0900
  2234.5000    -19.0900
  2241.6700    -19.2300
  2251.3500    -19.2300
  2256.4100    -19.1900
  2263.7700    -19.0900
  2269.0200    -19.2600
  2276.0900    -19.1300
  2283.9000    -19.2300
  2291.0900    -19.2600
  2300.3100    -19.3200
  2306.6200    -19.1600
  2312.1900    -19.2600
  2317.3000    -19.3600
  2327.3000    -19.3900
  2332.6600    -19.3200
  2339.0400    -19.2300
  2344.4400    -19.3200
  2350.2200    -19.4200
  2355.4700    -19.4200
  2361.0400    -19.4600
  2367.3800    -19.3900
  2373.0200    -19.3200
  2379.4500    -19.3600
  2387.9600    -19.4200
  2395.8200    -19.4200
  2403.1700    -19.3900
  2408.2300    -19.4200
  2413.5500    -19.3900
  2420.4200    -19.4900
  2429.3200    -19.5200
  2435.5900    -19.4600
  2441.7400    -19.3900
  2447.3700    -19.4600
  2454.7900    -19.6200
  2462.6400    -19.4200
  2467.7700    -19.4600
  2474.3800    -19.5900
  2483.2200    -19.6200
  2489.2600    -19.5200
  2494.9700    -19.4900
  2503.4300    -19.5500
  2512.1000    -19.6500
  2518.3000    -19.4900
  2524.5100    -19.5200
  2534.0900    -19.6500
  2539.0700    -19.6500
  2544.8300    -19.5900
  2550.6200    -19.5500
  2556.2700    -19.6200
  2561.8400    -19.6900
  2570.8500    -19.7800
  2576.5200    -19.6200
  2582.5100    -19.6900
  2588.2100    -19.6900
  2593.2800    -19.7800
  2600.1700    -19.8800
  2608.2700    -19.8200
  2614.5800    -19.7200
  2621.4800    -19.7500
  2629.7400    -19.8200
  2637.4900    -19.8500
  2644.4700    -19.8200
  2649.8200    -19.8200
  2656.6700    -19.8500
  2662.7100    -19.8800
  2670.7600    -19.8800
  2677.1900    -19.8800
  2687.3200    -20.0500
  2692.4200    -19.8800
  2702.0300    -19.9100
  2709.6400    -19.9800
  2715.7400    -20.0100
  2722.9600    -19.9500
  2731.4400    -20.1400
  2739.5500    -20.0800
  2745.0700    -20.1100
  2751.9000    -20.1100
  2757.6500    -20.1400
  2762.8200    -20.0800
  2771.2200    -20.0100
  2776.6900    -20.0800
  2782.6100    -20.1100
  2789.0900    -20.1800
  2797.7100    -20.2100
  2804.4900    -20.1800
  2810.5300    -20.1100
  2820.2000    -20.2100
  2825.6200    -20.2100
  2831.1600    -20.4100
  2836.7200    -20.2100
  2844.7400    -20.2800
  2854.3900    -20.2800
  2860.8900    -20.2400
  2866.1300    -20.3100
  2875.0300    -20.4400
  2881.4000    -20.3700
  2888.9200    -20.2400
  2894.2900    -20.3400
  2900.0600    -20.3700
  2907.2700    -20.4100
  2912.3400    -20.4100
  2918.0300    -20.3100
  2925.7100    -20.4100
  2932.9400    -20.4100
  2938.3700    -20.4100
  2944.2200    -20.5100
  2951.3900    -20.5100
  2957.7600    -20.4700
  2967.6600    -20.5400
  2973.2900    -20.4700
  2979.2800    -20.5400
  2984.8700    -20.7000
  2991.1700    -20.5700
  2996.5100    -20.5700
  3001.6300    -20.6000
  3007.6300    -20.7000
  3016.6300    -20.5400
  3026.1700    -20.6400
  3031.8900    -20.7000
  3037.6700    -20.7300
  3048.1000    -20.6700
  3057.7300    -20.6700
  3063.0600    -20.8000
  3068.5500    -20.8300
  3074.6500    -20.8000
  3083.6900    -20.7300
  3090.3100    -20.7700
  3096.1400    -20.8000
  3101.5800    -20.8700
  3106.7600    -20.8300
  3112.6600    -21.0600
  3117.7700    -20.9300
  3125.9900    -20.8700
  3131.6700    -20.8000
  3136.9600    -20.8700
  3146.6800    -20.9300
  3152.9500    -21.0600
  3160.0200    -20.9600
  3165.8000    -20.9000
  3174.1400    -20.9000
  3180.8500    -20.9600
  3186.5200    -21.1300
  3195.8000    -21.1600
  3202.6000    -21.0300
  3211.7100    -21.1000
  3221.7700    -21.1300
  3231.4700    -21.1000
  3238.5300    -21.1300
  3244.5500    -21.2600
  3249.8600    -21.1300
  3255.4000    -21.1300
  3260.8800    -21.1600
  3266.2700    -21.1900
  3271.7600    -21.1900
  3277.2700    -21.2900
  3287.1300    -21.1300
  3292.3400    -21.2900
  3297.3200    -21.3900
  3302.4900    -21.2600
  3307.5100    -21.1600
  3315.9800    -21.2300
  3325.7100    -21.3300
  3331.8400    -21.3600
  3339.2100    -21.2300
  3345.2600    -21.3300
  3350.5200    -21.4600
  3355.9700    -21.3300
  3361.4400    -21.3900
  3369.7400    -21.4900
  3374.9300    -21.3300
  3380.7300    -21.3900
  3390.1400    -21.4600
  3397.2800    -21.4200
  3402.7300    -21.5900
  3407.7200    -21.4900
  3413.5800    -21.5200
  3421.2900    -21.3900
  3426.7100    -21.4600
  3432.4600    -21.5600
  3438.6100    -21.6200
  3443.6900    -21.6900
  3449.3700    -21.5600
  3454.8000    -21.6900
  3460.1300    -21.6200
  3468.1600    -21.5900
  3476.5700    -21.6900
  3482.2800    -21.7500
  3487.9200    -21.6200
  3493.1400    -21.6900
  3498.3200    -21.8200
  3504.4100    -21.8200
  3510.3200    -21.6900
  3515.2800    -21.7500
  3521.7600    -21.7200
  3527.8100    -21.7800
  3535.6900    -21.6900
  3545.3100    -21.7800
  3550.9300    -21.7500
  3556.2600    -21.8500
  3562.0400    -21.7200
  3567.0400    -21.8200
  3574.8700    -21.7800
  3579.9900    -21.8800
  3585.4600    -21.8200
  3593.1600    -21.9200
  3599.3900    -21.9800
  3605.7800    -21.8200
  3611.2100    -21.8500
  3616.3900    -21.9200
  3626.7200    -21.8500
  3632.9300    -21.9200
  3639.0400    -21.9500
  3645.1500    -21.9800
  3652.8800    -22.0500
  3658.2700    -22.1500
  3664.8800    -22.1500
  3670.0600    -21.9200
  3675.2100    -22.1500
  3680.7600    -21.9800
  3689.2900    -22.0500
  3694.5800    -22.0800
  3699.7000    -22.1500
  3707.9600    -22.2400
  3716.9600    -22.0800
  3723.3500    -22.1500
  3729.8100    -22.1100
  3734.7800    -22.1800
  3744.8700    -22.2400
  3752.1100    -22.2100
  3757.1900    -22.2100
  3762.2500    -22.3800
  3768.8900    -22.2400
  3774.7100    -22.2100
  3781.6400    -22.2400
  3786.8100    -22.3100
  3792.1000    -22.3100
  3799.8500    -22.3400
  3809.5700    -22.3400
  3815.3400    -22.2800
  3820.7000    -22.4700
  3826.0300    -22.3400
  3832.0800    -22.4100
  3837.6600    -22.5700
  3842.8200    -22.4400
  3852.6600    -22.3800
  3858.1100    -22.5100
  3866.8300    -22.4700
  3874.0800    -22.4700
  3880.4200    -22.5400
  3888.2600    -22.5400
  3893.7600    -22.4700
  3901.8300    -22.6000
  3908.8900    -22.6000
  3915.0400    -22.4700
  3922.8100    -22.6000
  3932.5100    -22.6700
  3940.5300    -22.6700
  3950.1400    -22.6700
  3956.8900    -22.6000
  3962.1500    -22.7000
  3967.5400    -22.8000
  3974.6100    -22.7700
  3979.7100    -22.6400
  3987.3500    -22.7000
  3993.3100    -22.8000
  4001.0500    -22.7400
  4006.3500    -22.7700
  4014.9100    -22.8300
  4019.9600    -22.8700
  4026.3000    -22.8300
  4033.9200    -22.8000
  4039.5400    -22.8300
  4045.0000    -22.9700
  4050.0800    -22.9300
  4058.8200    -22.9300
  4064.3800    -22.8700
  4070.1900    -22.9000
  4075.5600    -23.0300
  4085.4000    -22.9700
  4091.5100    -23.0300
  4097.2700    -22.9700
  4102.8900    -23.0600
  4111.3800    -23.1600
  4116.6000    -23.0300
  4123.2400    -23.0600
  4128.6900    -23.0600
  4135.2900    -23.1000
  4144.2100    -23.0600
  4150.1200    -23.1300
  4157.0300    -23.2000
  4162.2700    -23.1300
  4167.4000    -23.2000
  4172.9500    -23.2600
  4180.9400    -23.2000
  4187.0700    -23.2300
  4195.7600    -23.2600
  4201.3600    -23.2900
  4209.5000    -23.2600
  4215.0100    -23.2000
  4221.6800    -23.2900
  4227.3700    -23.3900
  4232.9600    -23.3900
  4241.1200    -23.2900
  4247.2600    -23.2900
  4252.3800    -23.4900
  4260.8200    -23.3900
  4269.1400    -23.4900
  4275.3900    -23.3900
  4280.9800    -23.3900
  4286.3500    -23.5200
  4291.8100    -23.5900
  4301.8100    -23.4300
  4307.8100    -23.4600
  4313.1000    -23.4900
  4323.1000    -23.5600
  4328.9600    -23.4600
  4334.6700    -23.4600
  4340.1100    -23.5200
  4349.4500    -23.5200
  4358.2500    -23.5600
  4367.2500    -23.6900
  4376.3900    -23.5600
  4381.6300    -23.5900
  4387.8400    -23.6900
  4395.6600    -23.6900
  4400.7500    -23.7500
  4409.0900    -23.6900
  4415.5000    -23.7900
  4422.0000    -23.8800
  4427.6400    -23.8200
  4432.6600    -23.7200
  4440.4100    -23.7900
  4446.3200    -23.8800
  4451.3300    -24.0500
  4457.1800    -23.8200
  4462.4200    -23.8800
  4467.9600    -23.8200
  4474.6700    -23.7900
  4480.5700    -23.7500
  4486.5600    -23.9200
  4492.9800    -23.9200
  4497.9800    -24.0500
  4503.6100    -23.8800
  4510.4400    -23.8800
  4516.0300    -23.9500
  4524.0900    -23.9800
  4529.6500    -24.1100
  4535.2100    -23.9500
  4543.2200    -23.9800
  4549.8100    -24.0500
  4554.8300    -24.0200
  4562.8200    -24.0800
  4569.7500    -24.0800
  4575.4200    -24.0500
  4581.0600    -24.1100
  4588.0800    -24.1100
  4596.1100    -24.0800
  4601.3900    -24.1500
  4607.0800    -24.3100
  4616.8800    -24.1800
  4622.7300    -24.1500
  4628.2800    -24.2500
  4635.4200    -24.4100
  4640.6300    -24.2800
  4646.3500    -24.1800
  4651.6000    -24.1800
  4657.9300    -24.2800
  4663.1900    -24.3100
  4668.4200    -24.3800
  4675.8200    -24.3400
  4680.8500    -24.2500
  4686.7600    -24.3400
  4696.9400    -24.3800
  4703.0200    -24.4100
  4713.3900    -24.3400
  4718.8300    -24.4400
  4724.3100    -24.4400
  4729.5300    -24.4800
  4738.7400    -24.4800
  4744.5300    -24.4100
  4753.0300    -24.4400
  4758.6000    -24.5100
  4766.3900    -24.4400
  4775.4800    -24.5400
  4782.6500    -24.6100
  4788.2300    -24.5400
  4795.0900    -24.5400
  4800.4900    -24.5400
  4807.6600    -24.6100
  4813.1900    -24.8700
  4818.2300    -24.5700
  4823.5800    -24.6700
  4829.1800    -24.8000
  4834.1300    -24.6700
  4841.8000    -24.7700
  4847.3700    -24.6400
  4852.5300    -24.7400
  4858.3700    -24.6700
  4866.9900    -24.7400
  4872.2700    -24.7700
  4878.2800    -24.7000
  4883.7300    -24.8000
  4889.7000    -24.9000
  4897.3900    -24.9300
  4902.4100    -24.8700
  4908.4400    -24.7700
  4915.0100    -24.8400
  4920.5900    -24.9700
  4926.2800    -25.0700
  4931.9800    -24.8700
  4937.9200    -24.9000
  4945.7000    -24.9700
  4951.1900    -25.0000
  4956.3200    -25.0700
  4963.7200    -25.0300
  4968.7800    -24.9300
  4978.3600    -24.9300
  4983.9300    -25.0700
  4991.1700    -25.1000
  4996.9400    -25.1300
OC117 16SEP2022 (AME)
758
    -4.3300     13.3300
     2.0900     13.3400
     2.9200      7.8900
     6.0500      8.0600
    13.1500      8.4600
    20.9500      8.4900
    26.8000      9.5800
    32.3500     11.0400
    38.2800     11.9400
    44.9100     12.8100
    52.4200     12.6500
    58.9800     12.7600
    64.9900     12.7300
    71.3500     12.6600
    78.1400     10.9600
    83.6300     10.8100
    88.1500     12.2400
    93.3900     13.2000
    97.1100     12.5200
   100.2100     10.2000
   105.6000      9.2900
   111.5800      8.7600
   118.0700      8.0900
   125.2300      7.4100
   132.4500      6.8100
   139.4800      6.2800
   146.3600      5.7700
   153.4800      5.4500
   160.7700      5.1700
   168.0400      5.0100
   174.9400      5.2300
   182.0000      4.8900
   189.3600      5.3100
   196.5300      5.2700
   202.9100      5.0600
   208.5500      4.6200
   215.7900      3.9900
   223.0400      3.2500
   228.7100      2.5500
   235.6500      1.9900
   242.7500      1.4200
   248.7900      0.9800
   255.4100      0.5500
   261.8400      0.1600
   268.5600     -0.2200
   275.8700     -0.6100
   283.1500     -1.0000
   289.3800     -1.3100
   297.1800     -1.5800
   304.7400     -1.7400
   312.5300     -1.8000
   320.0300     -1.7700
   327.3900     -1.7200
   335.0900     -1.6400
   342.7000     -1.5800
   350.2000     -1.5200
   357.0600     -1.5700
   364.4000     -1.5500
   372.5900     -1.5900
   379.9200     -1.6700
   386.9700     -1.7100
   392.8200     -1.7400
   398.1300     -1.7700
   404.4700     -1.8100
   407.4900     -1.4800
   411.8200     -1.4800
   415.0900     -1.5100
   417.6400     -1.4800
   421.6800     -1.6100
   425.2000     -1.7100
   428.1100     -1.6400
   431.9400     -1.6100
   436.1300     -1.5100
   438.9200     -1.6400
   441.9200     -1.7100
   446.8600     -1.5700
   449.8600     -1.7100
   454.4200     -1.4400
   457.9200     -1.4800
   462.1300     -1.4400
   465.1600     -1.6700
   469.2100     -1.5400
   472.0400     -1.3800
   478.3600     -1.6700
   485.5500     -1.6400
   490.8000     -1.8700
   495.9700     -1.9700
   501.1800     -2.0000
   506.3300     -2.1000
   512.6900     -2.1300
   518.2600     -2.3300
   524.2300     -2.3600
   531.6000     -2.5600
   538.5400     -2.7600
   543.6600     -2.8900
   550.9000     -2.9500
   557.6500     -3.0500
   563.2500     -3.2200
   568.7800     -3.3500
   573.5200     -3.5400
   578.9400     -3.6700
   584.2100     -3.8100
   592.4500     -4.0000
   599.1200     -4.2300
   604.5800     -4.3000
   609.9000     -4.5600
   615.2000     -4.6600
   621.2600     -4.8200
   627.1000     -5.0200
   632.7100     -5.2200
   638.8400     -5.3800
   644.3800     -5.4800
   649.4100     -5.5400
   656.1800     -5.7700
   662.5400     -6.0400
   668.1900     -6.2300
   674.8800     -6.4300
   679.9000     -6.5900
   685.4100     -6.8200
   692.1700     -6.9900
   698.4000     -7.2200
   704.4000     -7.5100
   709.9700     -7.7800
   714.9700     -7.8700
   720.1200     -8.1000
   727.0600     -8.3700
   732.1600     -8.6000
   737.4600     -8.7900
   742.8200     -8.8900
   748.4000     -9.1200
   753.7900     -9.4200
   759.0500     -9.5100
   764.1800     -9.7400
   772.1700     -9.8800
   777.7300    -10.2400
   784.5600    -10.3700
   790.8700    -10.6000
   795.9200    -10.8300
   804.7000    -11.0600
   810.1700    -11.2500
   816.8600    -11.4500
   822.2600    -11.6100
   828.2200    -11.7500
   833.5200    -11.9400
   838.9300    -12.1100
   844.3000    -12.2000
   850.9100    -12.4000
   856.4000    -12.5700
   862.4400    -12.7000
   867.8500    -12.8300
   873.4400    -12.9300
   880.5300    -13.0600
   886.1300    -13.2200
   891.4800    -13.3900
   896.7600    -13.4500
   905.9600    -13.6500
   911.4200    -13.7100
   916.4200    -13.8100
   922.7900    -13.9400
   928.4900    -14.0400
   934.6100    -14.1700
   942.7700    -14.2400
   950.9600    -14.3700
   956.7900    -14.5000
   962.4200    -14.5700
   968.4400    -14.7000
   975.3800    -14.8000
   981.3100    -14.8600
   986.4700    -14.9300
   996.2200    -15.0300
  1001.5400    -15.0900
  1007.7800    -15.1200
  1013.5700    -15.2600
  1018.8700    -15.3500
  1024.9000    -15.3200
  1032.3600    -15.4900
  1043.0100    -15.5500
  1049.4600    -15.6500
  1056.0400    -15.7800
  1061.9300    -15.9100
  1067.3000    -15.7500
  1072.5600    -15.8800
  1082.2600    -16.0100
  1088.3600    -16.0400
  1098.6400    -16.1400
  1103.9000    -16.2700
  1109.1500    -16.2100
  1114.9700    -16.3100
  1121.2600    -16.3700
  1126.3800    -16.4400
  1132.4000    -16.5000
  1140.1700    -16.5000
  1145.6300    -16.5400
  1151.3300    -16.5400
  1156.5700    -16.6300
  1162.8600    -16.6700
  1171.5300    -16.6700
  1178.6600    -16.7300
  1188.1200    -16.7700
  1194.5700    -16.7700
  1200.0400    -16.8300
  1205.8600    -16.8300
  1212.9600    -16.9000
  1220.9600    -16.9000
  1226.8700    -16.9600
  1234.1700    -16.9600
  1241.8700    -16.9600
  1248.2100    -17.0300
  1255.9200    -17.0600
  1263.0800    -17.0600
  1270.4400    -17.0900
  1276.6400    -17.0600
  1286.6800    -17.1300
  1295.4200    -17.1900
  1300.6500    -17.1600
  1306.9100    -17.1900
  1313.5300    -17.1600
  1319.3300    -17.1300
  1327.1700    -17.1900
  1336.4600    -17.2900
  1341.6200    -17.2600
  1346.8000    -17.3200
  1353.0400    -17.2900
  1359.5800    -17.2900
  1366.8700    -17.3600
  1372.1700    -17.3200
  1377.4400    -17.3600
  1387.0900    -17.3600
  1397.0400    -17.3600
  1403.8500    -17.4900
  1412.7700    -17.4900
  1420.4400    -17.4900
  1426.5100    -17.5200
  1432.1300    -17.4200
  1441.2400    -17.5200
  1446.5300    -17.6500
  1452.6600    -17.5500
  1457.8500    -17.6200
  1465.3800    -17.6200
  1474.0000    -17.6200
  1484.1000    -17.6800
  1493.8200    -17.6800
  1502.7300    -17.6800
  1509.5300    -17.7200
  1519.6100    -17.7200
  1526.1100    -17.7800
  1532.4900    -17.8100
  1540.7400    -17.7200
  1545.9500    -17.7200
  1556.0700    -17.7200
  1561.1400    -17.8100
  1569.1900    -17.8500
  1576.1100    -17.7500
  1586.1600    -17.8100
  1591.4800    -17.9500
  1596.8200    -17.8100
  1602.1900    -17.8500
  1611.2700    -17.9100
  1619.6600    -17.9500
  1625.3600    -18.0100
  1630.5400    -17.9500
  1639.8500    -17.9100
  1645.3900    -17.9800
  1651.3300    -17.9800
  1656.3900    -18.0400
  1661.4700    -18.0100
  1667.1100    -18.0100
  1673.2800    -18.0400
  1680.6500    -18.0400
  1690.0100    -18.1100
  1697.0200    -18.0400
  1702.0900    -18.1400
  1708.9200    -18.0800
  1715.1100    -18.1100
  1724.9900    -18.0800
  1730.1600    -18.2100
  1735.2600    -18.1400
  1743.5600    -18.1400
  1753.2100    -18.1800
  1758.4800    -18.1800
  1763.5100    -18.2400
  1770.8400    -18.2100
  1779.3700    -18.2700
  1784.6500    -18.2700
  1789.7600    -18.2400
  1799.1800    -18.3400
  1806.8300    -18.3100
  1812.3200    -18.3100
  1817.4800    -18.3700
  1824.5100    -18.3700
  1830.4400    -18.3100
  1839.1200    -18.4100
  1845.5100    -18.3700
  1850.7600    -18.4700
  1857.9300    -18.4400
  1864.4700    -18.4100
  1870.7100    -18.5000
  1877.1100    -18.4400
  1882.2100    -18.6400
  1887.2500    -18.5000
  1892.5700    -18.4700
  1897.7100    -18.5000
  1903.4400    -18.4700
  1909.7500    -18.5000
  1915.6700    -18.5000
  1920.9500    -18.5400
  1929.4100    -18.5400
  1935.3700    -18.5000
  1941.2800    -18.5700
  1948.9300    -18.5700
  1955.3900    -18.5700
  1964.3800    -18.6400
  1971.8300    -18.6400
  1976.9600    -18.6400
  1984.3600    -18.6000
  1991.9000    -18.6000
  1998.3500    -18.6400
  2003.7200    -18.6400
  2009.1600    -18.6700
  2014.5900    -18.6700
  2024.6900    -18.6400
  2030.1200    -18.6400
  2039.2500    -18.7000
  2047.0700    -18.6700
  2055.2200    -18.7000
  2062.2500    -18.7000
  2068.1300    -18.7000
  2073.9100    -18.7300
  2078.9500    -18.8300
  2084.6900    -18.7700
  2093.0800    -18.8600
  2101.5300    -18.8000
  2106.6700    -18.9600
  2111.9500    -18.8300
  2121.2700    -18.8000
  2126.5200    -18.8600
  2135.0700    -18.8300
  2140.8400    -18.9000
  2147.6600    -18.9600
  2155.2600    -18.9000
  2164.9800    -18.9300
  2173.3100    -19.0000
  2179.1200    -18.8600
  2184.3300    -18.9300
  2189.6800    -19.0300
  2195.5300    -18.9600
  2204.8100    -19.0000
  2214.8700    -19.0000
  2220.1200    -19.0900
  2228.3400    -19.0600
  2237.7900    -19.0600
  2243.0600    -19.1900
  2248.3900    -19.0600
  2258.2700    -19.0900
  2263.6400    -19.0900
  2271.0800    -19.0900
  2276.3800    -19.3600
  2281.6400    -19.1600
  2287.0800    -19.1600
  2294.1100    -19.1900
  2304.2600    -19.1900
  2310.8000    -19.1600
  2316.0500    -19.1900
  2322.0700    -19.1900
  2327.3700    -19.1600
  2334.2100    -19.2900
  2342.5400    -19.2300
  2348.4300    -19.3200
  2353.7500    -19.2300
  2363.1600    -19.2900
  2368.3100    -19.2600
  2373.3700    -19.2900
  2380.2600    -19.3200
  2385.6200    -19.2900
  2390.9300    -19.3600
  2398.7200    -19.3600
  2403.9900    -19.3600
  2412.8700    -19.3200
  2420.6400    -19.3600
  2429.8000    -19.3200
  2437.8000    -19.3600
  2444.0100    -19.3900
  2451.1200    -19.4600
  2456.8700    -19.4600
  2463.1700    -19.3900
  2470.5600    -19.3900
  2480.8800    -19.4900
  2489.6700    -19.4600
  2495.6500    -19.4900
  2502.8800    -19.4200
  2508.1700    -19.4200
  2513.5000    -19.5200
  2520.5100    -19.4600
  2526.4400    -19.4900
  2532.7200    -19.4900
  2538.0900    -19.5200
  2543.9200    -19.5500
  2550.8300    -19.4900
  2559.9700    -19.5200
  2569.1700    -19.4900
  2574.4200    -19.5500
  2584.5100    -19.5200
  2592.7100    -19.5200
  2601.0100    -19.5500
  2606.8900    -19.5200
  2612.5600    -19.6500
  2617.7800    -19.5900
  2624.3100    -19.6200
  2629.5300    -19.6200
  2637.9000    -19.7200
  2643.9200    -19.6200
  2649.2000    -19.6200
  2655.0000    -19.7200
  2660.3400    -19.6900
  2669.1900    -19.7200
  2676.1300    -19.7800
  2684.4700    -19.7200
  2691.3000    -19.7800
  2700.4800    -19.7500
  2708.5200    -19.7800
  2713.7800    -19.8800
  2720.4100    -19.8500
  2726.4400    -19.8200
  2731.9400    -20.0500
  2737.3700    -19.8200
  2744.6600    -19.8800
  2753.2200    -19.8800
  2760.7800    -19.9100
  2767.8200    -19.9100
  2772.8200    -20.0100
  2779.7300    -19.9100
  2785.5100    -19.9800
  2791.3000    -19.9800
  2799.0400    -19.9800
  2805.9300    -20.0500
  2811.0800    -20.0100
  2816.9900    -19.9800
  2823.3900    -20.0500
  2829.1900    -20.0100
  2834.3800    -20.0800
  2840.1700    -20.0500
  2847.7900    -20.0500
  2854.2600    -20.1100
  2862.6300    -20.0800
  2869.0500    -20.1100
  2874.6000    -20.1100
  2879.8700    -20.1100
  2885.4900    -20.1400
  2893.7600    -20.1400
  2899.7100    -20.2800
  2906.5900    -20.2100
  2911.8700    -20.2100
  2920.9900    -20.1800
  2930.9400    -20.2400
  2936.7300    -20.3400
  2941.9100    -20.2800
  2947.3000    -20.2800
  2955.6400    -20.3400
  2962.4200    -20.3100
  2967.9000    -20.4100
  2973.9600    -20.3100
  2979.4000    -20.4700
  2984.7600    -20.3700
  2991.4000    -20.3700
  3001.0800    -20.3700
  3006.8400    -20.4700
  3013.6600    -20.4400
  3021.8400    -20.4400
  3031.9400    -20.5400
  3039.0500    -20.5100
  3047.1200    -20.5700
  3056.5700    -20.5700
  3063.0800    -20.6000
  3071.4700    -20.6000
  3078.4900    -20.6000
  3086.8600    -20.6400
  3093.2900    -20.6700
  3099.1400    -20.6400
  3105.7800    -20.7000
  3113.3900    -20.6000
  3122.8400    -20.7300
  3128.0600    -20.7000
  3135.4500    -20.7300
  3143.8600    -20.7700
  3148.9400    -20.7700
  3156.5300    -20.8300
  3161.8100    -20.8000
  3167.3700    -20.8000
  3174.0600    -20.8300
  3180.0700    -20.8300
  3186.0500    -20.7300
  3192.1600    -20.9000
  3197.5600    -20.8300
  3203.6200    -20.8700
  3210.1000    -20.8700
  3215.4000    -20.9300
  3221.6500    -20.9600
  3229.2500    -20.9600
  3237.2500    -21.0000
  3244.7900    -21.0300
  3250.2300    -21.1000
  3256.3800    -21.0300
  3262.9600    -21.0600
  3269.4700    -21.0300
  3274.5400    -21.1000
  3282.7400    -21.1000
  3289.8200    -21.1600
  3296.0900    -21.1000
  3301.5500    -21.1300
  3306.9200    -21.1000
  3312.2700    -21.1900
  3319.4200    -21.1000
  3329.1600    -21.1600
  3336.1600    -21.1900
  3344.1800    -21.1900
  3352.4200    -21.2300
  3357.8200    -21.2900
  3362.9200    -21.2300
  3369.3900    -21.2600
  3377.6500    -21.2600
  3382.7700    -21.4200
  3387.7400    -21.2900
  3393.7300    -21.4200
  3399.3200    -21.3600
  3406.4300    -21.4200
  3411.6900    -21.3300
  3418.9500    -21.3900
  3426.9600    -21.3600
  3434.1600    -21.3900
  3442.0400    -21.3600
  3448.6300    -21.4200
  3456.8300    -21.4200
  3462.2200    -21.4600
  3468.1100    -21.5600
  3474.2700    -21.5200
  3480.2100    -21.5200
  3488.8600    -21.4600
  3496.9400    -21.5200
  3502.6500    -21.5600
  3508.3700    -21.5600
  3517.2200    -21.5600
  3525.7400    -21.6500
  3533.2500    -21.6900
  3542.8200    -21.6900
  3550.7000    -21.6500
  3556.5700    -21.6900
  3563.4300    -21.7200
  3568.8100    -21.7200
  3574.7100    -21.7500
  3580.5600    -21.7800
  3588.5400    -21.7800
  3596.4700    -21.7500
  3601.9200    -21.8200
  3608.0100    -21.7800
  3613.5700    -21.8200
  3620.5600    -21.8200
  3626.5000    -21.8500
  3633.3500    -21.8200
  3638.4100    -21.8800
  3643.5600    -21.8800
  3650.8000    -21.9200
  3656.8200    -21.9500
  3664.4500    -21.9200
  3673.0600    -21.9200
  3679.4100    -21.9500
  3686.0400    -22.0100
  3696.3200    -21.9800
  3702.2300    -21.9800
  3710.0700    -22.0800
  3717.3700    -22.0100
  3726.0200    -22.1100
  3733.0200    -22.0500
  3739.1800    -22.1100
  3748.4300    -22.1100
  3758.3100    -22.1100
  3764.8100    -22.1800
  3770.0900    -22.1500
  3776.9900    -22.1500
  3782.0200    -22.3800
  3787.0300    -22.1800
  3796.1900    -22.2100
  3802.6200    -22.2800
  3807.6000    -22.2100
  3817.3500    -22.2100
  3827.2400    -22.2800
  3833.8400    -22.3400
  3839.1900    -22.2400
  3844.3000    -22.3400
  3853.6000    -22.3400
  3859.3200    -22.4400
  3864.3500    -22.4100
  3871.2000    -22.3800
  3877.0900    -22.4100
  3884.1100    -22.3100
  3892.8800    -22.4100
  3899.2700    -22.4700
  3907.6700    -22.4400
  3914.4100    -22.4400
  3920.2100    -22.4700
  3930.5500    -22.4700
  3936.0600    -22.5100
  3941.9100    -22.5400
  3948.5100    -22.5100
  3955.9200    -22.5700
  3961.8900    -22.6700
  3967.4100    -22.5400
  3972.8100    -22.6000
  3981.7800    -22.6000
  3989.4000    -22.6000
  3995.1800    -22.7000
  4004.0300    -22.7000
  4009.1700    -22.7000
  4016.2000    -22.7700
  4022.1900    -22.7400
  4027.3000    -22.8700
  4033.1700    -22.7000
  4039.2100    -22.8000
  4044.6900    -22.7700
  4050.1300    -22.8300
  4057.2800    -22.8300
  4063.3200    -22.8300
  4069.7600    -22.8300
  4076.0800    -22.8300
  4081.9600    -22.9000
  4086.9700    -22.9700
  4095.1000    -22.9000
  4102.4800    -22.9300
  4112.3800    -22.9700
  4117.6800    -22.9300
  4122.8200    -23.0600
  4128.7500    -22.9300
  4136.7200    -22.9700
  4143.8600    -22.9700
  4150.7000    -23.0600
  4159.2400    -23.0000
  4165.2100    -23.0000
  4174.6200    -23.0600
  4182.2300    -23.0600
  4189.8200    -23.1000
  4197.4000    -23.1300
  4203.8800    -23.1600
  4210.4400    -23.1600
  4217.4400    -23.2000
  4224.3000    -23.2600
  4229.2600    -23.2000
  4234.2800    -23.2900
  4239.4800    -23.2600
  4244.6500    -23.2300
  4254.0500    -23.2600
  4264.0200    -23.2900
  4269.9500    -23.3300
  4278.8800    -23.3300
  4287.1500    -23.3300
  4292.3900    -23.4300
  4298.4100    -23.2900
  4308.3000    -23.3300
  4313.8200    -23.3600
  4319.7200    -23.3900
  4327.4100    -23.2900
  4332.5400    -23.3600
  4342.4100    -23.3900
  4349.3400    -23.3900
  4357.5600    -23.4300
  4364.6800    -23.4600
  4371.4700    -23.4900
  4378.0500    -23.5900
  4383.6300    -23.5200
  4393.3300    -23.5200
  4398.6400    -23.4900
  4408.5800    -23.5600
  4414.3500    -23.5900
  4422.7400    -23.5900
  4428.9200    -23.6200
  4437.2000    -23.5900
  4442.3500    -23.6500
  4448.1900    -23.6500
  4454.0700    -23.7200
  4459.2400    -23.6900
  4466.3800    -23.6500
  4475.1800    -23.7200
  4482.0800    -23.7200
  4489.8200    -23.7500
  4497.4700    -23.8200
  4502.6400    -23.9500
  4508.0000    -23.8200
  4513.3100    -23.7500
  4518.4400    -23.8500
  4526.0900    -23.8200
  4532.0400    -23.7900
  4538.4500    -23.8200
  4543.8700    -24.1800
  4549.3100    -23.8800
  4559.5600    -23.8800
  4566.7300    -23.9500
  4573.2800    -23.9200
  4579.2200    -24.0200
  4585.5700    -24.0200
  4591.0400    -23.9800
  4597.4300    -24.0200
  4603.3000    -24.0200
  4609.6900    -24.0200
  4615.3200    -24.1100
  4622.8200    -24.0800
  4628.0700    -24.1100
  4633.3800    -24.1100
  4638.4900    -24.0800
  4643.8300    -24.0800
  4649.8000    -24.1800
  4655.8000    -24.1500
  4664.7200    -24.1500
  4672.3600    -24.2100
  4678.5800    -24.2500
  4686.8000    -24.2800
  4692.0100    -24.4400
  4697.3600    -24.2500
  4704.9300    -24.2500
  4714.2300    -24.3100
  4719.5000    -24.3400
  4727.5800    -24.3400
  4733.5800    -24.2800
  4739.0600    -24.3100
  4746.8100    -24.3400
  4754.5100    -24.3100
  4760.5700    -24.3800
  4768.6900    -24.4100
  4775.1800    -24.3800
  4780.3700    -24.4800
  4785.6800    -24.5100
  4792.7000    -24.4400
  4800.0600    -24.4800
  4805.7800    -24.4800
  4810.9200    -24.4400
  4819.4800    -24.5100
  4824.7000    -24.4800
  4830.5500    -24.5400
  4840.3500    -24.4800
  4845.5000    -24.5400
  4853.7400    -24.5700
  4862.1600    -24.5100
  4868.2100    -24.5700
  4876.1700    -24.6400
  4882.5300    -24.6100
  4890.0300    -24.6700
  4898.0400    -24.6700
  4906.4500    -24.6700
  4912.1900    -24.7400
  4917.8700    -24.7400
  4923.8600    -24.7400
  4933.1000    -24.7700
  4941.3600    -24.7700
  4948.5700    -24.8400
  4953.8400    -24.8400
  4962.9400    -24.8700
  4970.8500    -24.8400
  4976.9100    -24.9000
  4985.4200    -24.8700
  4992.4600    -24.9000
  4998.2000    -24.9300
